2	60,[1, 1],[1],[26],[26]
5	151,[7],[6],[8],[8]
8	13,[12],[15],[15],[130]
11	16,[32],[32],[32]
14	15,[27],[27],[27],[95]
17	49,[13, 14],[35],[14],[140]
20	55,[111],[64],[111],[111]
23	30,[67],[67],[29],[119]
26	75,[137],[137]
29	51,[116],[96],[116],[116]
32	40,[14],[24],[24],[14]
35	53,[22],[140],[22],[22]
38	40,[121],[121],[121],[121]
41	57,[30],[30],[153]
44	52,[18],[121],[113],[18]
47	47,[20],[129],[129],[20]
50	54,[120],[120],[120],[14]
53	57,[42],[116],[8],[116]
56	62,[130],[154],[33],[33]
59	64,[111],[111],[111],[111]
62	66,[11],[121]
65	102,[104]
68	75,[9],[22],[22],[9]
71	118,[118],[118]
74	77,[111],[8],[8],[8]
77	134
80	86,[28],[152],[28]
86	
95	90
98	82,[26]
104	
107	81,[34]
110	
113	112
116	
119	99
122	104
125	
128	82,[13],[17]
131	115,[39]
134	94,[26]
137	81,[148],[148],[23]
140	76,[134],[148],[4],[148]
143	82,[17, 13],[21, 17],[13],[17]
146	77,[152],[149],[133]
149	57,[128],[152],[152],[141]
152	132,[151, 151],[144, 145],[150, 147],[151, 151]
155	60,[17],[17],[17],[17]
