1	104,[27]
4	5,[8, 8],[8, 8],[8, 8],[8, 8]
7	151,[6],[6],[6]
10	2,[153],[116],[153],[153]
13	19,[12],[20],[124],[20]
16	18,[32],[141],[32],[141]
19	23,[24],[153],[153],[29]
22	
25	37,[42],[42],[42],[139]
28	39,[74]
31	57,[16],[16],[112],[112]
34	37,[121],[121],[121],[121]
37	55,[113, 28],[33, 28],[67],[113]
40	43,[121],[14],[121],[52]
43	145,[78, 80],[121],[121],[80]
46	
49	68,[22],[22],[22],[35]
52	61,[121],[19],[121],[19]
55	73,[111, 52],[111],[87],[111]
58	65,[142],[16],[142],[142]
61	69,[42],[23],[30],[19]
64	66,[111],[111],[111],[111]
67	73,[112],[139]
70	71,[119],[118],[118]
73	74,[111],[111],[138],[111]
76	79,[148]
79	99,[106],[111],[9],[106]
82	81
85	
88	85
97	86
100	81,[6]
103	88
106	
109	
112	106
115	
118	
121	101
124	107,[126]
127	
130	82,[17],[17],[17],[118]
133	99,[28],[28],[9]
136	
139	72,[136],[25],[33],[25]
142	67,[143],[26],[26],[26]
145	76,[134, 134, 134],[134, 134, 134],[134, 134, 134],[137, 136]
148	56,[151],[130],[130],[139]
151	81,[6, 6],[6, 6],[138],[138]
154	
