6	131,[7]
9	23,[126, 126],[126, 126],[126, 126],[126]
12	17,[132],[8],[23],[23]
15	152,[27],[140],[140],[27]
18	145,[29, 48],[139, 113],[121, 134],[148, 96]
21	23,[71],[117],[48]
24	47,[86],[84]
27	47
30	25,[139],[139],[126],[126]
33	34,[22],[121],[121],[153]
36	1,[27],[129],[19],[19]
39	83,[108],[108]
42	1,[4],[27],[27],[4]
45	55,[80],[28],[28],[28]
48	
51	59,[148],[34],[34],[148]
54	55,[120],[120],[25],[25]
57	80,[42],[11],[63],[112]
60	128
63	
66	69,[111],[111],[111],[111]
69	73,[111],[111],[111],[23]
72	75,[142]
75	79,[9],[9],[9],[137]
78	134,[111],[26],[26],[111]
81	
84	
87	86
90	
93	86,[8]
96	90,[12]
102	
105	102
108	
111	
114	
117	82
120	84
126	81,[106]
129	82,[22],[22],[24],[19]
132	139,[147, 150],[148],[147],[151]
135	134
138	89
141	72,[140]
144	
147	123,[133],[133]
150	55,[87],[143],[143],[13]
153	
