6	131, 7
9	23, 126
12	17, 132, 8, 23
15	152, 27, 140
18	145, 29, 48, 139, 113, 121, 134, 148, 96
21	23, 71, 117, 48
24	47, 86, 84
27	47
30	25, 139, 126
33	34, 22, 121, 153
36	1, 27, 129, 19
39	83, 108
42	1, 4, 27
45	55, 80, 28
48
51	59, 148, 34
54	55, 120, 25
57	80, 42, 11, 63, 112
60	128
63
66	69, 111
69	73, 111, 23
72	75, 142
75	79, 9, 137
78	134, 111, 26
81
84
87	86
90
93	86, 8
96	90, 12
102
105	102
108
111
114
117	82
120	84
126	81, 106
129	82, 22, 24, 19
132	139, 147, 150, 148, 151
135	134
138	89
141	72, 140
144
147	123, 133
150	55, 87, 143, 13
153
1	104, 27
4	5, 8
7	151, 6
10	2, 153, 116
13	19, 12, 20, 124
16	18, 32, 141
19	23, 24, 153, 29
22
25	37, 42, 139
28	39, 74
31	57, 16, 112
34	37, 121
37	55, 113, 28, 33, 67
40	43, 121, 14, 52
43	145, 78, 80, 121
46
49	68, 22, 35
52	61, 121, 19
55	73, 111, 52, 87
58	65, 142, 16
61	69, 42, 23, 30, 19
64	66, 111
67	73, 112, 139
70	71, 119, 118
73	74, 111, 138
76	79, 148
79	99, 106, 111, 9
82	81
85
88	85
97	86
100	81, 6
103	88
106
109
112	106
115
118
121	101
124	107, 126
127
130	82, 17, 118
133	99, 28, 9
136
139	72, 136, 25, 33
142	67, 143, 26
145	76, 134, 137, 136
148	56, 151, 130, 139
151	81, 6, 138
154
2	60, 1, 26
5	151, 7, 6, 8
8	13, 12, 15, 130
11	16, 32
14	15, 27, 95
17	49, 13, 14, 35, 140
20	55, 111, 64
23	30, 67, 29, 119
26	75, 137
29	51, 116, 96
32	40, 14, 24
35	53, 22, 140
38	40, 121
41	57, 30, 153
44	52, 18, 121, 113
47	47, 129, 20
50	54, 120, 14
53	57, 42, 116, 8
56	62, 130, 154, 33
59	64, 111
62	66, 11, 121
65	102, 104
68	75, 9, 22
71	118
74	77, 111, 8
77	134
80	86, 28, 152
86
95	90
98	82, 26
104
107	81, 34
110
113	112
116
119	99
122	104
125
128	82, 13, 17
131	115, 39
134	94, 26
137	81, 148, 23
140	76, 134, 148, 4
143	82, 17, 13, 21
146	77, 152, 149, 133
149	57, 128, 152, 141
152	132, 151, 144, 145, 150, 147
155	60, 17
